0.523430
0.750008
0.750984
0.562370
0.754417
0.638817
0.498039
0.604027
0.627083
0.656807
0.644844
0.499947
0.628365
0.625069
0.610359
0.495934
0.482109
0.812508
0.499992
0.530144
0.750008
0.609627
0.572105
0.670174
0.562355
0.635811
0.492058
0.750008
0.573891
0.580315
0.374992
0.481422
0.563194
0.583855
0.529655
0.499931
0.586403
0.598686
0.703270
0.483269
0.470329
0.483849
0.634789
0.734505
0.542915
0.617821
0.537315
0.606056
0.596443
0.634773
0.603554
0.627480
0.428947
0.507057
0.620018
0.492149
0.498985
0.499947
0.523415
0.492119
0.591103
0.544914
0.582207
0.598320
0.522789
0.437431
0.495110
0.750008
0.592400
0.605644
0.753914
0.583321
0.522652
0.487648
0.493935
0.507744
0.631355
0.587624
0.660316
0.538170
0.496086
0.531075
0.515617
0.372917
0.499702
0.515587
0.493935
0.750069
0.586327
0.626976
0.687996
0.704170
0.530602
0.547630
0.750008
0.637779
0.612755
0.598946
0.689247
0.436516
